camera_name: wrist_camera
image_width: 1280
image_height: 720
K:
  - [900.0, 0.0, 640.0]
  - [0.0, 900.0, 360.0]
  - [0.0, 0.0, 1.0]
distortion: [0.0, 0.0, 0.0, 0.0, 0.0]
